  362.3182  189.4256  338.5165  190.4174
  389.0950  185.4587  371.2438  184.4669
  412.8967  180.5000  402.9793  176.5331
  437.6901  177.5248  432.7314  169.5909
  365.2934  220.1694  345.4587  222.1529
  391.0785  215.2107  376.2025  215.2107
  415.8719  211.2438  407.9380  208.2686
  438.6818  207.2769  438.6818  200.3347
  368.2686  250.9132  352.4008  252.8967
  393.0620  245.9545  384.1364  244.9628
  417.8554  240.0041  414.8802  238.0207
  439.6736  235.0455  443.6405  230.0868
  371.2438  280.6653  360.3347  283.6405
  396.0372  274.7149  389.0950  273.7231
  420.8306  267.7727  420.8306  266.7810
  442.6488  262.8140  448.5992  259.8388
  528.9298  170.5826  525.9545  157.6901
  553.7231  171.5744  543.8058  158.6818
  579.5083  171.5744  564.6322  158.6818
  611.2438  171.5744  588.4339  158.6818
  529.9215  201.3264  530.9132  191.4091
  554.7149  203.3099  548.7645  192.4008
  579.5083  204.3017  568.5992  195.3760
  611.2438  207.2769  593.3926  198.3512
  529.9215  230.0868  533.8884  223.1446
  554.7149  233.0620  552.7314  228.1033
  580.5000  236.0372  572.5661  230.0868
  610.2521  240.0041  596.3678  236.0372
  530.9132  257.8554  538.8471  254.8802
  554.7149  262.8140  557.6901  258.8471
  580.5000  265.7893  576.5331  264.7975
  610.2521  269.7562  601.3264  270.7479

